[STEPS]
NUM_STEPS:50000.000000
EVAL_INTERVAL:1000.000000
[PARAMS]
contact:2.000000
distance:10.000000
[TIME]
START:2021-07-21 11:50:26.881972
END:2021-07-21 12:06:36.700230
TOTAL:0:16:09.818258