[STEPS]
NUM_STEPS:100000.000000
EVAL_INTERVAL:1000.000000
[PARAMS]
arrive:100.000000
contact:15.000000
distance:0.000000
log_distance:0.000000
move:1.000000
forward:1.000000
close:1.000000
close_thr:1.000000
[Env PARAMS]
lidar_points:12.000000
lidar_max:10.000000
lidar_min:0.000000
[TIME]
START:2021-08-05 12:26:45.740841
END:2021-08-05 12:41:07.733135
TOTAL:0:14:21.992294
