[LOAD PATH]
./log/GC_SAC/maze3Env/20210803-1701/
[STEPS]
NUM_STEPS:100000.000000
EVAL_INTERVAL:1000.000000
[PARAMS]
arrive:100.000000
contact:10.000000
distance:0.000000
log_distance:0.000000
move:1.000000
forward:1.000000
[Env PARAMS]
lidar_points:12.000000
lidar_max:10.000000
lidar_min:0.000000
[TIME]
START:2021-08-03 17:37:14.445159
END:2021-08-03 18:07:54.509997
TOTAL:0:30:40.064838
