[STEPS]
NUM_STEPS:100000.000000
EVAL_INTERVAL:1000.000000
[PARAMS]
arrive:100.000000
contact:10.000000
distance:0.000000
log_distance:0.000000
move:1.000000
forward:1.000000
[Env PARAMS]
lidar_points:4.000000
lidar_max:5.000000
lidar_min:0.000000
[TIME]
START:2021-08-04 07:08:38.798699
END:2021-08-04 07:39:30.872096
TOTAL:0:30:52.073397
