[STEPS]
NUM_STEPS:100000.000000
EVAL_INTERVAL:1000.000000
[PARAMS]
contact:10.000000
distance:0.000000
log_distance:1.000000
move:10.000000
forward:0.000000
arrive:100.000000
[Env PARAMS]
lidar_points:4.000000
lidar_max:10.000000
lidar_min:0.000000
[TIME]
START:2021-07-30 15:12:58.373204
END:2021-07-30 15:29:28.345233
TOTAL:0:16:29.972029
