[STEPS]
NUM_STEPS:100000.000000
EVAL_INTERVAL:1000.000000
[PARAMS]
contact:10.000000
distance:0.000000
log_distance:0.000000
move:1.000000
forward:0.000000
arrive:100.000000
[Env PARAMS]
lidar_points:4.000000
lidar_max:10.000000
lidar_min:0.000000
[TIME]
START:2021-08-03 14:11:06.481523
END:2021-08-03 14:26:01.034514
TOTAL:0:14:54.552991
