[STEPS]
NUM_STEPS:100000.000000
EVAL_INTERVAL:1000.000000
[PARAMS]
contact:10.000000
distance:10.000000
log_distance:0.100000
[Env PARAMS]
lidar_points:4.000000
lidar_max:5.000000
lidar_min:0.000000
[TIME]
START:2021-07-28 12:46:36.485754
END:2021-07-28 13:03:32.918566
TOTAL:0:16:56.432812
