[STEPS]
NUM_STEPS:100000.000000
EVAL_INTERVAL:1000.000000
[PARAMS]
arrive:100.000000
contact:20.000000
distance:1.000000
log_distance:0.000000
move:1.000000
forward:1.000000
close:1.000000
close_thr:1.000000
[Env PARAMS]
lidar_points:4.000000
lidar_max:10.000000
lidar_min:0.000000
[TIME]
START:2021-08-04 14:38:45.583849
END:2021-08-04 15:09:07.178529
TOTAL:0:30:21.594680
