[STEPS]
NUM_STEPS:50000.000000
EVAL_INTERVAL:1000.000000
[PARAMS]
contact:10.000000
distance:10.000000
[TIME]
START:2021-07-21 11:48:19.682285
END:2021-07-21 12:04:51.993757
TOTAL:0:16:32.311472