[STEPS]
NUM_STEPS:100000.000000
EVAL_INTERVAL:1000.000000
[PARAMS]
contact:100.000000
distance:0.000000
log_distance:1.000000
[Env PARAMS]
lidar_points:4.000000
lidar_max:10.000000
lidar_min:0.000000
[TIME]
START:2021-07-28 15:00:04.022103
END:2021-07-28 15:15:22.449375
TOTAL:0:15:18.427272
