[STEPS]
NUM_STEPS:100000.000000
EVAL_INTERVAL:1000.000000
[PARAMS]
contact:50.000000
distance:10.000000
log_distance:0.100000
[Env PARAMS]
lidar_points:4.000000
lidar_max:10.000000
lidar_min:0.000000
[TIME]
START:2021-07-28 13:22:45.171087
END:2021-07-28 13:55:00.961095
TOTAL:0:32:15.790008
