[STEPS]
NUM_STEPS:100000.000000
EVAL_INTERVAL:1000.000000
[PARAMS]
arrive:100.000000
contact:10.000000
distance:0.000000
log_distance:0.000000
move:1.000000
forward:0.000000
[Env PARAMS]
lidar_points:12.000000
lidar_max:10.000000
lidar_min:0.000000
[TIME]
START:2021-08-04 06:48:21.559865
END:2021-08-04 07:20:07.665126
TOTAL:0:31:46.105261
