[STEPS]
NUM_STEPS:100000.000000
EVAL_INTERVAL:1000.000000
[PARAMS]
contact:10.000000
distance:0.000000
log_distance:0.000000
move:0.000000
forward:1.000000
arrive:100.000000
[Env PARAMS]
lidar_points:4.000000
lidar_max:10.000000
lidar_min:0.000000
[TIME]
START:2021-07-30 14:20:59.933011
END:2021-07-30 14:38:12.482459
TOTAL:0:17:12.549448
