[STEPS]
NUM_STEPS:100000.000000
EVAL_INTERVAL:1000.000000
[PARAMS]
contact:100.000000
distance:0.000000
log_distance:1.000000
move:10.000000
forward:0.000000
arrive:100.000000
[Env PARAMS]
lidar_points:4.000000
lidar_max:10.000000
lidar_min:0.000000
[TIME]
START:2021-08-02 15:56:12.151524
END:2021-08-02 16:09:31.440822
TOTAL:0:13:19.289298
