[STEPS]
NUM_STEPS:100000.000000
EVAL_INTERVAL:1000.000000
[PARAMS]
contact:10.000000
distance:0.000000
log_distance:0.000000
move:1.000000
forward:0.000000
arrive:100.000000
[Env PARAMS]
lidar_points:12.000000
lidar_max:10.000000
lidar_min:0.000000
[TIME]
START:2021-08-03 15:13:59.231528
END:2021-08-03 15:29:30.518966
TOTAL:0:15:31.287438
