[STEPS]
NUM_STEPS:100000.000000
EVAL_INTERVAL:1000.000000
[PARAMS]
arrive:100.000000
contact:10.000000
distance:0.000000
log_distance:0.000000
move:0.000000
forward:0.000000
close:0.000000
close_thr:0.000000
[Env PARAMS]
lidar_points:16.000000
lidar_max:10.000000
lidar_min:0.000000
[TIME]
START:2021-08-18 09:58:29.847518
END:2021-08-18 10:38:18.815862
TOTAL:0:39:48.968344
