[STEPS]
NUM_STEPS:100000.000000
EVAL_INTERVAL:1000.000000
[PARAMS]
contact:1.000000
distance:0.000000
log_distance:0.001000
move:0.000000
forward:0.000000
arrive:1.000000
[Env PARAMS]
lidar_points:4.000000
lidar_max:10.000000
lidar_min:0.000000
[TIME]
START:2021-08-03 13:26:11.375630
END:2021-08-03 13:40:37.525866
TOTAL:0:14:26.150236
