[STEPS]
NUM_STEPS:100000.000000
EVAL_INTERVAL:1000.000000
[PARAMS]
arrive:100.000000
contact:10.000000
distance:1.000000
log_distance:0.000000
move:1.000000
forward:1.000000
[Env PARAMS]
lidar_points:4.000000
lidar_max:5.000000
lidar_min:0.000000
[TIME]
START:2021-08-04 07:35:55.200263
END:2021-08-04 08:08:29.767119
TOTAL:0:32:34.566856
