[STEPS]
NUM_STEPS:100000.000000
EVAL_INTERVAL:1000.000000
[PARAMS]
arrive:10.000000
contact:1.000000
distance:0.000000
log_distance:0.000000
move:0.000000
forward:0.000000
close:1.000000
close_thr:1.000000
[Env PARAMS]
lidar_points:16.000000
lidar_max:10.000000
lidar_min:0.000000
[TIME]
START:2021-08-18 13:05:44.653113
END:2021-08-18 13:22:25.606392
TOTAL:0:16:40.953279
