[STEPS]
NUM_STEPS:100000.000000
EVAL_INTERVAL:1000.000000
[PARAMS]
contact:25.000000
distance:10.000000
log_distance:0.000000
[Env PARAMS]
lidar_points:4.000000
lidar_max:10.000000
lidar_min:0.000000
[TIME]
START:2021-07-28 18:11:54.739284
END:2021-07-28 18:27:14.691500
TOTAL:0:15:19.952216
