[STEPS]
NUM_STEPS:100000.000000
EVAL_INTERVAL:1000.000000
[PARAMS]
contact:10.000000
distance:10.000000
log_distance:0.100000
[Env PARAMS]
lidar_points:4.000000
lidar_max:10.000000
lidar_min:0.000000
[TIME]
START:2021-07-28 13:06:22.739476
END:2021-07-28 13:26:15.713261
TOTAL:0:19:52.973785
