[STEPS]
NUM_STEPS:100000.000000
EVAL_INTERVAL:1000.000000
[PARAMS]
arrive:100.000000
contact:20.000000
distance:1.000000
log_distance:0.000000
move:1.000000
forward:1.000000
[Env PARAMS]
lidar_points:4.000000
lidar_max:5.000000
lidar_min:0.000000
[TIME]
START:2021-08-04 08:52:52.207294
END:2021-08-04 09:25:46.309294
TOTAL:0:32:54.102000
